26 6 4 28 25000000000 25000000000
20 21 22 23 24 25 
0 20 25000000000 2us 0
1 20 25000000000 2us 0
2 20 25000000000 2us 0
3 20 25000000000 2us 0
4 20 25000000000 2us 0
5 21 25000000000 2us 0
6 21 25000000000 2us 0
7 21 25000000000 2us 0
8 21 25000000000 2us 0
9 21 25000000000 2us 0
10 22 25000000000 2us 0
11 22 25000000000 2us 0
12 22 25000000000 2us 0
13 22 25000000000 2us 0
14 22 25000000000 2us 0
15 23 25000000000 2us 0
16 23 25000000000 2us 0
17 23 25000000000 2us 0
18 23 25000000000 2us 0
19 23 25000000000 2us 0
20 24 25000000000 2us 0
20 25 25000000000 2us 0
21 24 25000000000 2us 0
21 25 25000000000 2us 0
22 24 25000000000 2us 0
22 25 25000000000 2us 0
23 24 25000000000 2us 0
23 25 25000000000 2us 0